function [xdef ydef zdef]=def_grid_grads()
%just to define the grid.
xdef = [ 100.5704  
   101.1545    
   101.7386    
   102.3228    
   102.9069    
   103.4911    
   104.0752    
   104.6594    
   105.2435    
   105.8276    
   106.4118    
   106.9959    
   107.5801    
   108.1642    
   108.7484    
   109.3325    
   109.9166    
   110.5008    
   111.0849    
   111.6691    
   112.2532    
   112.8374    
   113.4215    
   114.0056    
   114.5898    
   115.1739    
   115.7581    
   116.3422    
   116.9264    
   117.5105    
   118.0946    
   118.6788    
   119.2629    
   119.8471    
   120.4312    
   121.0154    
   121.5995    
   122.1836    
   122.7678    
   123.3519    
   123.9361    
   124.5202    
   125.1044    
   125.6885    
   126.2726    
   126.8568    
   127.4409    
   128.0251    
   128.6092    
   129.1934    
   129.7775    
   130.3616    
   130.9458    
   131.5299    
   132.1141    
   132.6982    
   133.2824    
   133.8665    
   134.4506    
   135.0348    
   135.6189    
   136.2031    
   136.7872    
   137.3714    
   137.9555    
   138.5396    
   139.1238    
   139.7079    
   140.2921    
   140.8762    
   141.4604    
   142.0445    
   142.6286    
   143.2128    
   143.7969    
   144.3811    
   144.9652    
   145.5494    
   146.1335    
   146.7176    
   147.3018    
   147.8859    
   148.4701    
   149.0542    
   149.6384    
   150.2225    
   150.8066    
   151.3908    
   151.9749    
   152.5591    
   153.1432    
   153.7274    
   154.3115    
   154.8956    
   155.4798    
   156.0639    
   156.6481    
   157.2322    
   157.8164    
   158.4005    
   158.9846    
   159.5688    
   160.1529    
   160.7371    
   161.3212    
   161.9054    
   162.4895    
   163.0736    
   163.6578    
   164.2419    
   164.8261    
   165.4102    
   165.9944    
   166.5785    
   167.1626    
   167.7468    
   168.3309    
   168.9151    
   169.4992    
   170.0834    
   170.6675    
   171.2516    
   171.8358    
   172.4199    
   173.0041    
   173.5882    
   174.1724    
   174.7565    
   175.3406    
   175.9248    
   176.5089    
   177.0931    
   177.6772    
   178.2614    
   178.8455    
   179.4296 ];   
ydef =[ 0.2212753    
  0.8053894    
   1.389427    
   1.973312    
   2.556992    
   3.140419    
   3.723511    
   4.306221    
   4.888474    
   5.470238    
   6.051422    
   6.631996    
   7.211868    
   7.791016    
   8.369354    
   8.946831    
   9.523407    
   10.09901    
   10.67358    
   11.24706    
   11.81940    
   12.39056    
   12.96046    
   13.52907    
   14.09631    
   14.66216    
   15.22653    
   15.78941    
   16.35072    
   16.91042    
   17.46848    
   18.02482    
   18.57941    
   19.13219    
   19.68314    
   20.23221    
   20.77933    
   21.32449    
   21.86762    
   22.40870    
   22.94767    
   23.48451    
   24.01917    
   24.55162    
   25.08183    
   25.60973    
   26.13532    
   26.65856    
   27.17941    
   27.69783    
   28.21381    
   28.72730    
   29.23830    
   29.74673    
   30.25262    
   30.75591    
   31.25658    
   31.75460    
   32.24997    
   32.74266    
   33.23263    
   33.71986    
   34.20435    
   34.68607    
   35.16502    
   35.64113    
   36.11445    
   36.58492    
   37.05255    
   37.51730    
   37.97919    
   38.43819    
   38.89429    
   39.34746    
   39.79773    
   40.24506    
   40.68947    
   41.13092    
   41.56943    
   42.00499    
   42.43756    
   42.86719    
   43.29384    
   43.71751    
   44.13821    
   44.55595    
   44.97070    
   45.38248    
   45.79128    
   46.19710    
   46.59993    
   46.99980    
   47.39671    
   47.79065    
   48.18163    
   48.56963    
   48.95468    
   49.33678    
   49.71596    
   50.09218    
   50.46547    
   50.83585    
   51.20329    
   51.56784    
   51.92949    
   52.28824    
   52.64412    
   52.99712];    
zdef = [ 1000.00000
 975.00000
 950.00000
 925.00000
 900.00000
 850.00000
 800.00000
 700.00000
 600.00000
 500.00000
 400.00000
 300.00000
 250.00000
 200.00000
 150.00000
 100.00000 ];

end
